1 755456590 2649905 28790 1595 45 56 65 81 83
2 0 2459350 25700 1650 12 41 59 61 66
3 0 2929435 24805 1520 10 30 44 65 66
4 0 604185 10935 1000 7 21 48 55 82
5 0 1622215 18300 1300 4 15 24 78 82
6 0 7636755 41490 2120 40 54 60 64 65
7 0 1645995 17245 1245 3 29 66 79 83
8 0 2510100 24455 1440 7 18 59 60 65
9 0 1593475 19200 1305 2 18 43 48 53
10 0 1945810 22450 1545 45 67 69 76 88
11 0 1764310 22850 1470 39 45 57 77 81
12 0 2104755 21935 1345 5 44 63 73 83
13 0 2396700 23765 1500 15 17 68 71 89
14 0 4306380 34270 1970 35 75 80 84 86
15 0 1998695 25655 1500 1 23 39 50 65
16 0 3212715 29120 1670 24 25 43 60 85
17 0 1298805 15430 1235 1 6 23 46 50
18 0 2201815 22610 1425 21 36 68 69 87
19 0 2541315 22595 1365 1 25 27 69 81
20 0 1127870 15270 1205 11 36 43 63 66
21 0 1792355 18265 1290 23 30 45 56 71
22 0 2186345 23805 1560 18 20 30 42 51
23 0 2752115 20670 1310 14 21 22 58 64
24 2057602470 1587555 20060 1385 19 26 53 60 89
25 0 1523825 17595 1275 19 24 47 60 88
26 0 2116750 24915 1380 11 12 31 49 58
27 0 2274725 24300 1540 17 29 74 76 82
28 0 2938155 25720 1625 20 44 52 65 83
29 0 2207860 16615 1165 19 43 46 47 52
30 0 1614650 19970 1285 7 33 35 83 89
31 709556535 1369405 18935 1370 16 22 28 40 54
32 0 3113740 23775 1390 16 23 26 74 75
33 0 1316475 18475 1285 11 42 53 64 66
34 0 4313725 23365 1375 7 26 37 81 88
35 0 4797205 37475 1890 24 75 83 84 85
36 0 1237955 16765 1215 1 7 30 44 69
37 0 3880670 30510 1840 39 62 73 83 90
38 0 1574155 18045 1285 28 38 52 56 65
39 772148640 1104375 15950 1225 2 12 29 68 86
40 0 2215025 20455 1325 18 28 29 33 59
41 0 1918450 23040 1495 6 23 41 81 85
42 0 1780410 30225 1485 47 51 53 57 63
43 0 1154975 14615 1225 15 18 37 48 72
44 0 738885 10940 935 3 15 19 63 89
45 0 1020520 15685 1185 9 16 49 54 68
46 0 2236790 23020 1495 16 24 40 64 73
47 0 3142000 24625 1555 20 26 59 72 75
48 0 1006670 17440 1340 15 33 56 60 76
49 0 1615880 34220 1855 20 31 34 69 84
50 0 2767885 30340 1705 5 16 70 82 85
51 0 1021470 16745 1250 5 15 32 52 83
52 0 1785600 23110 1835 34 41 56 59 61